Multiple size <= 100
TEST 1 ARG:95 68 71 13 32 65 77 47 3 37 80 29 12 23 22 92 54 63 42 49 38 46 69 98 8 9 1 45 99 78 34 84 25 75 7 18 17 50 30 16 73 90 72 81 94 28 2 27 5 96 36 66 91 79 82 70 48 15 21 64 88 59 62 4 51 74 53 83 40 11 87 43 76 57 58 44 67 14 24 31 60 55 33 39 10 0 52 19 6 86 26 85 35 56 93 61 20 97 89 41
TEST 1 ARG:95 68 71 13 32 65 77 47 3 37 80 29 12 23 22 92 54 63 42 49 38 46 69 98 8 9 1 45 99 78 34 84 25 75 7 18 17 50 30 16 73 90 72 81 94 28 2 27 5 96 36 66 91 79 82 70 48 15 21 64 88 59 62 4 51 74 53 83 40 11 87 43 76 57 58 44 67 14 24 31 60 55 33 39 10 0 52 19 6 86 26 85 35 56 93 61 20 97 89 41
TEST 2 ARG:22 56 24 41 10 11 59 50 1 89 58 53 78 88 27 28 40 95 62 82 80 4 21 9 77 91 26 34 19 83 90 85 94 99 47 45 61 0 42 49 79 66 14 69 12 36 55 73 75 29 43 97 74 63 32 81 72 84 68 48 35 67 60 93 76 87 37 25 65 39 38 3 8 52 44 92 33 16 20 13 86 17 98 31 64 96 2 30 57 70 23 15 54 46 5 6 7 18 71 51
TEST 2 ARG:22 56 24 41 10 11 59 50 1 89 58 53 78 88 27 28 40 95 62 82 80 4 21 9 77 91 26 34 19 83 90 85 94 99 47 45 61 0 42 49 79 66 14 69 12 36 55 73 75 29 43 97 74 63 32 81 72 84 68 48 35 67 60 93 76 87 37 25 65 39 38 3 8 52 44 92 33 16 20 13 86 17 98 31 64 96 2 30 57 70 23 15 54 46 5 6 7 18 71 51
TEST 3 ARG:63 57 67 98 50 85 88 22 35 94 95 68 16 36 97 91 80 49 73 60 3 90 23 38 14 1 61 20 83 26 96 87 19 75 31 69 40 0 72 55 92 59 11 89 21 7 64 17 62 77 65 53 74 79 34 13 15 44 39 24 52 43 82 4 18 25 71 58 33 99 76 41 28 27 78 70 46 45 47 37 93 54 10 29 12 5 86 2 66 6 56 81 8 42 84 30 32 48 9 51
TEST 4 ARG:23 58 47 25 93 91 48 35 81 11 61 3 28 75 65 10 0 90 19 37 29 42 33 78 96 89 95 2 76 15 13 52 1 69 71 51 73 6 50 56 8 74 24 17 41 88 36 46 40 83 7 97 32 86 92 68 34 12 87 4 98 62 30 57 54 44 38 80 43 16 85 22 45 53 14 63 59 31 27 18 99 77 21 64 26 79 82 60 5 70 66 72 84 49 55 39 9 67 20 94
TEST 5 ARG:44 84 88 97 8 49 77 20 16 56 87 66 48 80 18 52 2 27 50 53 34 81 85 37 22 32 38 4 10 0 39 86 96 35 59 68 36 70 83 75 58 3 31 30 40 67 90 1 74 17 64 43 78 28 45 73 99 25 92 29 55 19 65 13 63 51 91 26 71 79 46 42 21 69 24 9 15 72 54 61 41 98 89 33 93 60 47 82 95 57 94 62 23 76 12 6 5 14 11 7
TEST 5 ARG:44 84 88 97 8 49 77 20 16 56 87 66 48 80 18 52 2 27 50 53 34 81 85 37 22 32 38 4 10 0 39 86 96 35 59 68 36 70 83 75 58 3 31 30 40 67 90 1 74 17 64 43 78 28 45 73 99 25 92 29 55 19 65 13 63 51 91 26 71 79 46 42 21 69 24 9 15 72 54 61 41 98 89 33 93 60 47 82 95 57 94 62 23 76 12 6 5 14 11 7
TEST 6 ARG:49 0 45 25 6 21 33 14 2 53 9 68 98 30 76 59 44 11 56 88 89 66 37 94 69 83 17 91 99 62 13 79 54 7 87 97 1 55 60 48 92 86 4 28 42 35 12 96 22 50 85 67 61 64 57 72 77 10 93 43 78 24 70 8 47 16 41 38 18 32 52 95 5 23 75 74 90 84 81 19 63 73 65 29 26 71 51 82 27 80 40 31 20 34 46 58 39 15 3 36
TEST 6 ARG:49 0 45 25 6 21 33 14 2 53 9 68 98 30 76 59 44 11 56 88 89 66 37 94 69 83 17 91 99 62 13 79 54 7 87 97 1 55 60 48 92 86 4 28 42 35 12 96 22 50 85 67 61 64 57 72 77 10 93 43 78 24 70 8 47 16 41 38 18 32 52 95 5 23 75 74 90 84 81 19 63 73 65 29 26 71 51 82 27 80 40 31 20 34 46 58 39 15 3 36
TEST 7 ARG:4 98 79 73 18 89 68 49 15 99 6 48 41 80 67 12 72 50 9 91 0 7 74 71 86 62 82 61 38 1 75 13 30 46 27 26 35 59 44 11 42 45 84 36 14 85 47 76 3 34 24 83 19 60 70 20 8 90 17 28 77 55 88 33 31 21 43 54 92 53 78 2 16 94 65 23 81 25 29 32 57 39 87 37 63 66 95 22 69 40 96 93 10 5 51 64 52 58 56 97
TEST 8 ARG:7 69 48 23 26 71 91 72 20 63 70 56 92 93 19 9 3 76 97 36 75 55 12 85 41 8 60 31 87 25 6 90 65 81 98 24 18 96 50 59 42 11 68 84 32 54 64 35 95 5 52 21 37 17 51 53 29 77 0 49 43 46 86 57 13 15 82 83 94 61 16 1 27 67 22 33 62 79 4 66 73 99 28 45 38 40 89 58 14 10 30 2 80 88 74 47 34 78 39 44
TEST 9 ARG:84 12 94 37 98 87 41 71 70 73 20 76 88 89 10 54 96 40 63 80 64 95 62 82 36 4 22 74 58 34 83 92 16 48 28 7 5 52 23 33 26 51 57 68 1 38 69 25 15 60 78 53 61 8 9 47 49 93 81 46 6 86 32 67 59 35 55 3 0 2 75 85 90 17 18 56 29 79 14 45 11 99 42 21 65 72 27 19 31 44 24 13 50 30 91 66 97 39 77 43
TEST 10 ARG:52 7 82 38 50 89 63 44 64 76 93 81 55 4 48 96 49 1 72 94 23 20 61 36 31 14 51 92 3 88 15 43 74 57 79 91 85 16 45 78 71 69 46 95 62 12 10 25 67 73 0 17 47 39 21 33 58 54 98 70 29 65 77 13 11 40 56 53 32 42 83 2 86 35 99 59 24 97 84 26 9 8 27 66 19 30 28 80 75 34 68 22 41 6 37 18 87 90 60 5
TEST 11 ARG:11 99 87 74 28 32 53 14 18 96 83 78 56 52 27 61 49 72 95 66 2 35 79 44 23 25 30 64 65 36 3 48 13 84 41 98 75 67 80 26 47 55 89 60 88 5 29 24 93 15 40 38 69 4 92 33 97 45 51 73 8 19 10 7 68 9 91 37 58 43 21 81 20 0 76 17 39 46 57 90 42 22 1 85 82 94 31 77 86 54 12 50 34 6 59 16 62 63 70 71
TEST 12 ARG:15 19 7 27 81 42 1 75 3 59 99 47 61 54 43 73 4 78 22 40 30 89 8 76 63 71 48 46 79 55 65 90 70 50 77 66 31 85 2 38 83 12 74 69 72 49 23 91 93 88 20 14 87 86 53 58 41 97 56 33 68 96 28 29 80 0 45 5 84 26 60 36 92 37 16 64 18 57 62 67 44 24 39 6 82 94 51 25 9 13 21 52 95 17 11 35 32 98 10 34
TEST 13 ARG:98 95 39 65 18 72 38 83 97 29 3 59 80 26 42 89 41 43 16 34 51 71 27 93 86 6 31 94 84 33 21 47 70 35 4 36 68 55 56 13 50 57 78 25 30 28 8 32 81 99 9 19 45 64 17 5 10 66 73 82 75 49 63 79 60 1 54 67 24 88 53 20 96 15 61 37 91 62 11 7 92 77 0 69 90 52 85 12 22 2 48 58 14 44 76 23 40 74 87 46
TEST 14 ARG:83 88 61 77 70 44 34 85 81 98 2 84 29 42 72 39 19 28 71 69 60 45 97 73 62 68 80 79 56 3 9 64 12 40 36 99 0 18 75 54 96 23 41 4 46 33 51 10 20 7 16 43 38 95 37 11 67 14 1 57 47 48 63 87 91 13 74 50 5 53 35 49 24 58 86 22 27 65 17 31 55 32 78 30 82 94 15 6 52 92 90 93 25 21 66 26 8 59 76 89
TEST 15 ARG:59 68 23 53 33 91 38 51 56 76 24 65 87 50 57 15 32 96 3 19 1 25 70 41 82 26 44 14 16 8 40 37 54 79 97 42 22 61 86 29 69 27 74 5 55 60 89 72 9 67 10 2 21 45 83 12 39 34 4 52 99 95 0 77 63 17 46 20 7 88 58 35 80 84 81 49 30 93 73 62 94 85 47 71 43 18 36 48 6 11 66 13 90 64 78 92 28 31 75 98
TEST 15 ARG:59 68 23 53 33 91 38 51 56 76 24 65 87 50 57 15 32 96 3 19 1 25 70 41 82 26 44 14 16 8 40 37 54 79 97 42 22 61 86 29 69 27 74 5 55 60 89 72 9 67 10 2 21 45 83 12 39 34 4 52 99 95 0 77 63 17 46 20 7 88 58 35 80 84 81 49 30 93 73 62 94 85 47 71 43 18 36 48 6 11 66 13 90 64 78 92 28 31 75 98
TEST 16 ARG:58 0 73 36 46 87 85 40 24 5 57 22 56 84 88 45 60 20 17 82 31 47 59 62 72 19 98 91 25 67 76 55 52 81 8 9 66 2 35 41 42 94 21 53 11 90 54 69 79 75 64 93 99 14 32 50 39 65 80 97 44 96 74 15 51 49 34 4 86 33 10 68 77 63 38 3 95 1 7 12 28 83 18 16 61 13 70 37 27 29 30 6 23 71 89 26 78 43 48 92
TEST 17 ARG:37 46 76 30 69 0 50 32 83 90 61 8 17 45 15 5 26 22 1 58 85 66 3 60 77 52 56 36 96 67 14 10 65 86 92 11 79 84 63 68 97 39 78 51 94 2 95 6 23 53 72 41 12 19 91 38 29 47 44 33 18 34 4 55 73 9 16 89 42 82 81 98 71 28 13 20 80 62 27 40 21 31 88 24 43 87 48 75 70 99 49 57 25 74 35 93 59 54 64 7
TEST 17 ARG:37 46 76 30 69 0 50 32 83 90 61 8 17 45 15 5 26 22 1 58 85 66 3 60 77 52 56 36 96 67 14 10 65 86 92 11 79 84 63 68 97 39 78 51 94 2 95 6 23 53 72 41 12 19 91 38 29 47 44 33 18 34 4 55 73 9 16 89 42 82 81 98 71 28 13 20 80 62 27 40 21 31 88 24 43 87 48 75 70 99 49 57 25 74 35 93 59 54 64 7
TEST 18 ARG:76 87 21 10 29 1 25 18 83 31 50 90 59 96 34 14 55 82 81 78 99 65 36 57 39 12 71 45 62 70 37 53 17 58 97 42 52 43 2 46 75 67 72 33 26 64 3 93 95 32 27 98 28 79 15 69 41 23 63 30 77 38 8 11 60 35 24 86 85 74 92 20 94 5 0 54 9 48 91 13 40 61 56 73 7 84 68 49 44 6 66 88 16 19 89 47 80 51 4 22
TEST 19 ARG:9 97 37 56 60 67 75 35 88 66 11 73 41 4 0 48 38 40 99 82 58 98 29 19 25 85 55 3 74 78 16 28 8 86 18 22 12 63 51 61 39 1 36 89 6 77 72 80 47 69 52 59 20 43 10 62 7 2 44 76 27 15 42 57 94 91 87 95 79 71 32 23 33 53 65 54 31 13 17 49 64 68 14 90 24 34 92 50 45 46 5 84 70 96 26 93 21 83 30 81
TEST 19 ARG:9 97 37 56 60 67 75 35 88 66 11 73 41 4 0 48 38 40 99 82 58 98 29 19 25 85 55 3 74 78 16 28 8 86 18 22 12 63 51 61 39 1 36 89 6 77 72 80 47 69 52 59 20 43 10 62 7 2 44 76 27 15 42 57 94 91 87 95 79 71 32 23 33 53 65 54 31 13 17 49 64 68 14 90 24 34 92 50 45 46 5 84 70 96 26 93 21 83 30 81
TEST 20 ARG:60 4 22 62 96 84 43 31 26 65 93 71 1 37 8 30 33 47 80 83 10 79 87 94 59 75 48 40 11 61 12 64 13 34 52 95 78 41 68 81 17 3 35 45 92 23 24 20 18 27 5 15 51 25 74 97 7 49 50 54 77 67 9 91 0 46 90 73 57 55 89 86 6 88 42 21 70 53 38 28 72 63 56 69 2 98 19 82 66 58 14 16 44 99 39 76 36 29 85 32
TEST 21 ARG:65 78 4 46 3 67 44 35 83 40 93 95 13 90 99 51 48 0 52 14 25 49 74 31 82 66 43 9 8 80 20 28 94 68 55 64 26 5 2 81 37 24 11 53 22 18 17 84 29 76 88 1 6 63 12 7 10 77 79 96 91 58 54 62 71 61 92 97 15 41 23 42 38 60 16 85 50 73 87 47 56 39 45 30 89 19 59 21 70 33 27 32 86 34 98 36 75 69 57 72
TEST 22 ARG:79 78 67 57 44 41 18 20 36 21 56 43 45 58 27 61 17 28 62 82 48 53 91 6 77 19 75 26 2 8 34 3 54 46 93 69 72 47 42 32 22 59 80 25 87 4 9 52 55 49 76 89 73 71 97 66 23 24 96 50 30 94 99 29 31 15 12 64 39 95 38 40 35 51 92 13 86 16 1 74 68 60 63 11 10 98 37 7 83 5 14 33 90 84 81 0 88 65 85 70
TEST 23 ARG:72 97 86 77 15 95 19 0 9 96 33 53 36 88 92 80 25 21 58 67 45 90 98 68 99 20 8 4 89 32 23 55 17 46 27 66 61 69 5 73 22 30 13 34 39 3 57 94 85 31 38 83 49 1 76 48 81 70 6 51 44 18 40 11 42 71 52 37 41 63 26 64 82 56 62 50 60 28 29 75 7 35 91 79 78 47 14 12 43 74 2 24 93 16 84 59 65 87 54 10
TEST 23 ARG:72 97 86 77 15 95 19 0 9 96 33 53 36 88 92 80 25 21 58 67 45 90 98 68 99 20 8 4 89 32 23 55 17 46 27 66 61 69 5 73 22 30 13 34 39 3 57 94 85 31 38 83 49 1 76 48 81 70 6 51 44 18 40 11 42 71 52 37 41 63 26 64 82 56 62 50 60 28 29 75 7 35 91 79 78 47 14 12 43 74 2 24 93 16 84 59 65 87 54 10
TEST 24 ARG:38 94 65 40 19 52 91 74 33 45 20 80 22 25 41 2 31 1 86 28 26 21 23 61 10 96 29 11 16 44 92 66 7 27 78 70 99 30 37 59 90 36 14 18 3 95 88 42 56 9 6 87 81 13 35 76 48 57 69 82 0 32 98 85 15 53 84 79 43 58 12 60 34 83 47 77 51 8 55 17 63 89 54 75 46 71 49 4 68 67 5 62 93 97 72 24 39 73 64 50
TEST 25 ARG:11 80 59 50 10 43 56 74 75 58 83 52 38 90 77 92 26 68 51 32 13 85 3 89 60 14 95 54 91 24 99 15 62 98 63 78 47 7 19 40 84 1 27 61 67 48 41 97 21 81 96 64 55 88 46 25 36 42 17 37 35 23 87 65 73 34 66 49 30 20 12 16 69 33 8 6 94 79 39 5 82 18 76 44 2 86 57 31 22 70 45 0 72 29 93 4 9 28 71 53
TEST 26 ARG:53 27 55 28 81 38 17 94 31 5 46 21 3 2 7 71 45 33 63 49 84 58 30 66 62 1 29 23 92 91 80 15 12 73 90 86 36 35 76 25 82 6 96 24 85 87 16 59 50 78 41 75 83 88 0 4 56 95 10 11 69 54 89 93 51 79 98 60 37 34 77 9 26 18 68 52 64 42 72 20 44 39 47 22 61 97 14 13 40 43 67 8 48 32 57 99 74 70 65 19
TEST 27 ARG:3 62 92 78 5 60 15 2 68 55 72 71 0 26 80 54 75 47 98 94 88 57 28 14 91 29 76 43 87 4 16 51 82 25 36 59 58 77 64 66 23 12 74 99 67 31 11 44 27 6 96 22 35 95 79 34 37 73 52 93 10 81 85 21 24 39 45 19 49 13 9 41 61 86 56 38 42 63 50 17 1 53 18 30 89 20 48 33 70 69 7 90 32 65 97 84 40 83 46 8
TEST 27 ARG:3 62 92 78 5 60 15 2 68 55 72 71 0 26 80 54 75 47 98 94 88 57 28 14 91 29 76 43 87 4 16 51 82 25 36 59 58 77 64 66 23 12 74 99 67 31 11 44 27 6 96 22 35 95 79 34 37 73 52 93 10 81 85 21 24 39 45 19 49 13 9 41 61 86 56 38 42 63 50 17 1 53 18 30 89 20 48 33 70 69 7 90 32 65 97 84 40 83 46 8
TEST 28 ARG:66 28 62 37 75 94 15 89 40 23 98 7 58 81 73 85 76 74 46 9 86 45 93 33 72 19 0 25 84 4 6 18 55 88 56 44 3 41 5 22 79 92 24 39 99 83 31 17 50 34 91 2 80 65 21 57 96 87 32 47 43 54 53 64 10 35 52 51 90 78 95 61 8 11 69 68 36 42 27 13 97 38 63 59 16 82 1 70 14 77 60 20 12 67 71 30 48 29 49 26
TEST 28 ARG:66 28 62 37 75 94 15 89 40 23 98 7 58 81 73 85 76 74 46 9 86 45 93 33 72 19 0 25 84 4 6 18 55 88 56 44 3 41 5 22 79 92 24 39 99 83 31 17 50 34 91 2 80 65 21 57 96 87 32 47 43 54 53 64 10 35 52 51 90 78 95 61 8 11 69 68 36 42 27 13 97 38 63 59 16 82 1 70 14 77 60 20 12 67 71 30 48 29 49 26
TEST 29 ARG:98 44 6 63 8 64 86 76 41 61 59 38 97 40 3 77 16 22 65 21 7 26 91 54 17 10 18 39 60 48 23 92 57 88 13 84 9 20 35 72 2 46 30 25 1 83 29 24 78 52 14 56 31 58 68 28 69 87 34 73 93 0 42 81 12 94 27 80 99 96 49 90 47 5 71 66 67 36 75 45 11 4 95 50 15 51 32 43 74 85 62 79 53 37 33 70 82 55 89 19
TEST 30 ARG:32 91 71 5 40 46 85 41 68 22 63 27 99 24 83 62 45 44 19 43 90 11 35 20 53 77 4 13 15 30 1 72 12 37 86 54 66 78 49 59 55 75 76 33 96 79 69 47 70 23 3 39 98 25 51 17 97 67 58 93 88 7 6 38 48 50 16 61 10 26 52 94 84 95 89 64 65 60 0 2 29 21 28 18 87 82 8 34 31 74 42 36 80 81 56 57 14 73 92 9
TEST 31 ARG:38 71 25 9 69 89 33 53 73 48 52 17 11 20 77 50 4 84 46 76 90 87 63 62 44 28 39 26 66 1 37 54 14 95 78 86 8 18 23 96 22 67 7 34 24 30 51 15 88 74 5 61 64 40 0 2 97 47 36 85 83 70 19 80 59 55 13 98 6 45 94 91 43 93 99 42 56 31 16 49 12 65 81 57 32 29 41 82 79 10 3 58 72 27 92 68 21 35 60 75
TEST 31 ARG:38 71 25 9 69 89 33 53 73 48 52 17 11 20 77 50 4 84 46 76 90 87 63 62 44 28 39 26 66 1 37 54 14 95 78 86 8 18 23 96 22 67 7 34 24 30 51 15 88 74 5 61 64 40 0 2 97 47 36 85 83 70 19 80 59 55 13 98 6 45 94 91 43 93 99 42 56 31 16 49 12 65 81 57 32 29 41 82 79 10 3 58 72 27 92 68 21 35 60 75
TEST 32 ARG:41 51 1 35 48 77 8 22 89 81 3 59 19 27 72 40 90 29 24 38 14 0 64 86 62 39 20 18 4 44 15 37 7 47 66 82 36 94 21 93 2 25 32 68 46 10 75 49 30 57 43 98 23 11 83 6 67 54 52 58 45 99 34 88 63 85 69 56 33 26 42 70 74 91 16 78 50 13 76 17 28 87 61 55 95 9 12 97 79 84 71 73 60 53 96 80 31 92 5 65
TEST 33 ARG:96 79 30 39 76 0 67 58 26 17 19 5 32 45 72 87 42 82 98 92 14 48 68 93 85 22 33 24 63 1 84 43 62 53 23 8 25 40 36 74 52 80 77 6 73 49 16 60 12 81 71 83 66 21 59 38 31 70 41 13 69 9 91 86 94 20 88 11 75 51 35 54 64 10 89 78 3 55 61 29 50 34 4 46 7 37 65 95 47 56 15 99 97 2 44 90 18 27 28 57
TEST 34 ARG:17 66 10 7 35 63 84 27 97 28 90 46 45 37 8 57 6 11 55 5 69 73 62 75 42 72 14 85 0 61 20 22 71 99 96 29 83 16 19 40 56 39 38 31 65 4 54 91 88 47 34 25 98 59 76 74 70 32 93 80 44 79 15 36 94 58 60 52 87 49 51 1 67 33 64 48 12 2 41 50 3 21 68 86 89 82 24 92 43 26 77 30 53 95 13 9 18 81 23 78
TEST 35 ARG:62 71 79 86 52 88 64 75 96 6 56 77 74 69 46 44 2 60 84 49 37 18 63 38 82 25 48 15 89 20 67 22 4 73 8 26 36 59 55 61 81 47 31 85 65 51 35 50 45 91 97 83 80 95 11 98 54 93 27 24 90 28 57 29 70 19 13 99 7 23 34 33 66 39 21 42 12 16 17 10 41 72 87 0 78 3 40 53 94 76 1 30 68 5 43 32 9 92 58 14
TEST 36 ARG:83 34 58 16 67 59 94 84 53 44 27 78 68 2 51 73 29 1 9 23 17 36 88 11 97 57 80 38 25 96 72 3 10 0 5 40 48 31 62 49 7 85 99 65 20 81 86 87 14 66 61 71 4 79 75 82 37 33 46 76 93 39 45 55 92 50 54 32 24 91 6 21 35 63 18 69 13 89 64 74 42 77 70 22 12 52 90 43 41 15 30 19 26 95 98 28 47 8 56 60
